234,235|244,235|244,238|302,238|302,250|286,250|286,253|280,253|280,250|244,250|244,253|234,253|234,235*
234,259|269,259|269,273|250,273|250,282|234,282|234,259*
272,259|304,259|304,273|272,273|272,259*
267,274|275,274|275,281|267,281|267,274*
272,281|304,281|304,295|272,295|272,281*
243,282|269,282|269,295|242,295|243,282*
247,298|256,298|256,311|247,311|247,298*
258,298|268,298|268,311|258,311|258,298*
256,312|268,312|268,320|256,320|256,312*
270,300|280,300|280,306|282,306|282,314|284,314|270,325|270,300*
272,177|318,177|318,164|272,164|272,177*
284,180|318,180|318,195|312,196|312,192|298,192|298,196|284,196|284,180*
308,197|321,197|321,212|308,212|308,197*
308,212|316,212|316,225|308,225|308,212*
310,228|316,228|316,225|321,225|321,230|318,230|318,233|321,233|321,236|316,236|316,234|310,233|310,228*
268,200|297,200|297,225|268,225|268,200*
268,183|277,183|277,177|281,177|281,182|284,183|284,195|267,196|268,183*
143,240|174,240|174,251|143,251|143,240*
146,256|170,256|170,287|146,287|146,256*
147,288|147,304|127,304|127,288|147,288*
061,394|057,383|098,369|142,361|142,371|100,381|061,394*
210,374|211,364|252,371|286,384|286,395|249,382|210,374*
156,414|159,406|166,400|167,382|194,382|195,382|201,407|204,414|156,414*
075,415|071,406|100,396|103,405|075,415*
221,415|219,412|229,394|248,404|243,415|221,415*
062,272|086,272|086,281|074,281|074,285|111,285|111,280|125,280|125,308|070,308|070,299|098,299|098,294|062,294|062,272*
060,233|125,233|125,277|089,277|089,269|118,269|118,266|060,266|060,233*
030,111|078,111|078,138|030,138|030,111*
030,140|055,140|055,153|030,153|030,140*
030,155|055,155|055,158|065,158|065,153|075,153|075,169|065,169|065,166|055,166|055,169|030,169|030,155*
046,094|071,094|071,099|073,099|073,103|071,103|071,108|047,108|046,099|033,099|033,097|046,094*
151,347|151,340|171,340|171,347|169,347|166,351|160,347|151,347*
189,340|208,340|208,347|197,347|194,352|191,347|189,347|189,340*
123,309|148,309|148,312|153,312|153,316|157,316|157,325|150,325|150,333|121,333|121,325|114,325|114,315|118,315|118,313|123,312|123,309*
211,309|236,309|236,313|241,313|241,316|245,316|245,325|238,325|238,333|209,333|209,325|202,325|202,316|206,316|206,309|211,309|211,309*
052,080|077,080|077,089|052,089|052,080*
049,072|051,072|051,089|049,089|049,072*
034,075|048,075|048,085|034,085|034,075*
039,062|085,062|085,071|039,071|039,062*
049,052|097,052|097,059|049,059|049,052*
048,037|097,037|097,046|048,046|048,037*
080,023|095,023|091,037|084,037|080,023*
227,301|227,290|213,290|213,301|227,301*
187,285|219,285|219,258|187,258|187,285*
195,240|226,240|226,251|195,251|195,240*
040,282|051,282|051,308|040,308|040,282*
054,277|027,277|027,270|054,270|054,277*
031,277|031,280|028,280|028,277*
026,259|026,249|056,249|056,259|026,259*
033,249|033,235|056,235|056,249|033,249*
036,259|030,265|036,269|043,265|036,259*
267,012|267,046|307,049|307,012|267,012*
271,019|271,023|279,023|279,019|271,019*
270,026|280,026|280,045|270,044|270,026*
283,013|302,013|302,024|283,023|283,013*
285,025|298,026|298,046|284,045|285,025*
270,067|271,055|342,061|342,071|288,067|289,069|270,067*
330,071|330,076|339,076|339,071|330,071*
326,154|326,141|273,136|272,149|326,154*
275,114|274,129|321,134|322,118|275,114*
274,102|274,109|334,114|337,084|330,083|328,106|274,102*
309,094|309,104|328,106|329,096|309,094*
303,095|303,102|309,102|309,096|303,095*
291,098|303,099|305,073|293,072|291,098*
305,075|305,078|319,079|319,076|305,075*
320,070|318,095|324,070|322,095|320,070*
105,217|105,200|174,200|174,217|105,217*
185,217|185,200|255,200|255,217|185,217*
105,190|105,173|174,173|174,190|105,190*
185,190|185,173|255,173|255,190|185,190*
088,094|124,094|121,114|088,114|088,094*
088,120|124,120|124,140|088,140|088,120*
088,140|088,149|095,149|095,140|088,140*
104,140|104,149|111,149|111,140|104,140*
028,205|028,195|050,195|050,205|028,205*
064,211|098,211|098,222|064,222|064,211*
056,195|063,202|075,202|082,195|082,184|074,176|063,176|056,184|056,195*
226,158|249,158|249,139|226,139|226,158*
204,158|204,142|226,142|226,158|204,158*
226,139|249,139|249,094|226,094|226,139*
189,106|197,113|220,113|223,110|223,100|220,097|189,097|189,106|189,106*
191,138|220,138|223,135|223,125|220,122|197,122|188,131|188,134|191,138*
143,101|157,087|172,101|157,115|143,101*
152,128|152,120|163,120|163,128|171,128|171,140|163,140|163,147|152,147|152,140|144,140|144,128|152,128*
113,046|141,046|141,074|113,074|113,046*
144,074|144,041|140,041|140,031|163,031|163,034|165,034|165,037|168,037|168,074|144,074*
230,077|230,032|263,032|263,071|258,071|258,077|230,077*
210,073|217,073|217,071|223,068|223,059|225,059|225,050|220,049|220,040|215,036|207,036|207,034|199,034|193,038|193,047|191,049|191,054|193,057|197,059|197,066|202,071|210,071|210,073*
176,081|184,081|190,077|190,036|184,032|176,032|169,036|169,074|176,081*
176,077|183,077|183,059|176,059|176,077*
176,055|183,055|183,037|176,037|176,055*
