234,235|244,235|244,238|302,238|302,250|286,250|286,253|280,253|280,250|244,250|244,253|234,253|234,235*
234,259|269,259|269,273|250,273|250,282|234,282|234,259*
272,259|304,259|304,273|272,273|272,259*
267,274|275,274|275,281|267,281|267,274*
272,281|304,281|304,295|272,295|272,281*
243,282|269,282|269,295|242,295|243,282*
247,298|256,298|256,311|247,311|247,298*
258,298|268,298|268,311|258,311|258,298*
256,312|268,312|268,320|256,320|256,312*
270,300|280,300|280,306|282,306|282,314|284,314|270,325|270,300*
272,177|318,177|318,164|272,164|272,177*
284,180|318,180|318,195|312,196|312,192|298,192|298,196|284,196|284,180*
308,197|321,197|321,212|308,212|308,197*
308,212|316,212|316,225|308,225|308,212*
310,228|316,228|316,225|321,225|321,230|318,230|318,233|321,233|321,236|316,236|316,234|310,233|310,228*
268,200|297,200|297,225|268,225|268,200*
268,183|277,183|277,177|281,177|281,182|284,183|284,195|267,196|268,183*
143,240|174,240|174,251|143,251|143,240*
146,256|170,256|170,287|146,287|146,256*
147,288|147,304|127,304|127,288|147,288*
61,394|57,383|98,369|142,361|142,371|100,381|61,394*
210,374|211,364|252,371|286,384|286,395|249,382|210,374*
156,414|159,406|166,400|167,382|194,382|195,382|201,407|204,414|156,414*
75,415|71,406|100,396|103,405|75,415*
221,415|219,412|229,394|248,404|243,415|221,415*
62,272|86,272|86,281|74,281|74,285|111,285|111,280|125,280|125,308|70,308|70,299|98,299|98,294|62,294|62,272*
60,233|125,233|125,277|89,277|89,269|118,269|118,266|60,266|60,233*
30,111|78,111|78,138|30,138|30,111*
30,140|55,140|55,153|30,153|30,140*
30,155|55,155|55,158|65,158|65,153|75,153|75,169|65,169|65,166|55,166|55,169|30,169|30,155*
46,94|71,94|71,99|73,99|73,103|71,103|71,108|47,108|46,99|33,99|33,97|46,94*
151,347|151,340|171,340|171,347|169,347|166,351|160,347|151,347*
189,340|208,340|208,347|197,347|194,352|191,347|189,347|189,340*
123,309|148,309|148,312|153,312|153,316|157,316|157,325|150,325|150,333|121,333|121,325|114,325|114,315|118,315|118,313|123,312|123,309*
211,309|236,309|236,313|241,313|241,316|245,316|245,325|238,325|238,333|209,333|209,325|202,325|202,316|206,316|206,309|211,309|211,309*
52,80|77,80|77,89|52,89|52,80*
49,72|51,72|51,89|49,89|49,72*
34,75|48,75|48,85|34,85|34,75*
39,62|85,62|85,71|39,71|39,62*
49,52|97,52|97,59|49,59|49,52*
48,37|97,37|97,46|48,46|48,37*
80,23|95,23|91,37|84,37|80,23*
227,301|227,290|213,290|213,301|227,301*
187,285|219,285|219,258|187,258|187,285*
195,240|226,240|226,251|195,251|195,240*
40,282|51,282|51,308|40,308|40,282*
54,277|27,277|27,270|54,270|54,277*
31,277|31,280|28,280|28,277*
26,259|26,249|56,249|56,259|26,259*
33,249|33,235|56,235|56,249|33,249*
36,259|30,265|36,269|43,265|36,259*
267,12|267,46|307,49|307,12|267,12*
271,19|271,23|279,23|279,19|271,19*
270,26|280,26|280,45|270,44|270,26*
283,13|302,13|302,24|283,23|283,13*
285,25|298,26|298,46|284,45|285,25*
270,67|271,55|342,61|342,71|288,67|289,69|270,67*
330,71|330,76|339,76|339,71|330,71*
326,154|326,141|273,136|272,149|326,154*
275,114|274,129|321,134|322,118|275,114*
274,102|274,109|334,114|337,84|330,83|328,106|274,102*
309,94|309,104|328,106|329,96|309,94*
303,95|303,102|309,102|309,96|303,95*
291,98|303,99|305,73|293,72|291,98*
305,75|305,78|319,79|319,76|305,75*
320,70|318,95|324,70|322,95|320,70*
105,217|105,200|174,200|174,217|105,217*
185,217|185,200|255,200|255,217|185,217*
105,190|105,173|174,173|174,190|105,190*
185,190|185,173|255,173|255,190|185,190*
88,94|124,94|121,114|88,114|88,94*
88,120|124,120|124,140|88,140|88,120*
88,140|88,149|95,149|95,140|88,140*
104,140|104,149|111,149|111,140|104,140*
28,205|28,195|50,195|50,205|28,205*
64,211|98,211|98,222|64,222|64,211*
56,195|63,202|75,202|82,195|82,184|74,176|63,176|56,184|56,195*
226,158|249,158|249,139|226,139|226,158*
204,158|204,142|226,142|226,158|204,158*
226,139|249,139|249,94|226,94|226,139*
189,106|197,113|220,113|223,110|223,100|220,97|189,97|189,106|189,106*
191,138|220,138|223,135|223,125|220,122|197,122|188,131|188,134|191,138*
143,101|157,87|172,101|157,115|143,101*
152,128|152,120|163,120|163,128|171,128|171,140|163,140|163,147|152,147|152,140|144,140|144,128|152,128*
113,46|141,46|141,74|113,74|113,46*
144,74|144,41|140,41|140,31|163,31|163,34|165,34|165,37|168,37|168,74|144,74*
230,77|230,32|263,32|263,71|258,71|258,77|230,77*
210,73|217,73|217,71|223,68|223,59|225,59|225,50|220,49|220,40|215,36|207,36|207,34|199,34|193,38|193,47|191,49|191,54|193,57|197,59|197,66|202,71|210,71|210,73*
176,81|184,81|190,77|190,36|184,32|176,32|169,36|169,74|176,81*
176,77|183,77|183,59|176,59|176,77*
176,55|183,55|183,37|176,37|176,55*
